0 127
1 127
2 127
3 127
4 127
5 127
6 127
7 127
8 127
9 127
10 127
11 127
12 127
13 127
14 127
15 127
16 127
17 127
18 127
19 127
20 127
21 127
22 127
23 127
24 127
25 127
26 127
27 127
28 127
29 127
30 127
31 127
32 127
33 127
34 127
35 127
36 127
37 127
38 127
39 127
40 127
41 127
42 127
43 127
44 127
45 127
46 127
47 127
48 127
49 127
50 127
51 127
52 127
53 127
54 127
55 127
56 127
57 127
58 127
59 127
60 127
61 127
62 127
63 127
64 127
65 127
66 127
67 127
68 127
69 127
70 127
71 127
72 127
73 127
74 127
75 127
76 127
77 127
78 127
79 127
80 127
81 127
82 127
83 127
84 127
85 127
86 127
87 127
88 127
89 127
90 127
91 127
92 127
93 127
94 127
95 127
96 127
97 127
98 127
99 127
100 127
101 127
102 127
103 127
104 127
105 127
106 127
107 127
108 127
109 127
110 127
111 127
112 127
113 127
114 127
115 127
116 127
117 127
118 127
119 127
120 127
121 127
122 127
123 127
124 127
125 127
126 127
127 127
128 127
129 127
130 127
131 127
132 127
133 127
134 127
135 127
136 127
137 127
138 127
139 127
140 127
141 127
142 127
143 127
144 127
145 127
146 127
147 127
148 127
149 127
150 127
151 127
152 127
153 127
154 127
155 127
156 127
157 127
158 127
159 127
160 127
161 127
162 127
163 127
164 127
165 127
166 127
167 127
168 127
169 127
170 127
171 127
172 127
173 127
174 127
175 127
176 127
177 127
178 127
179 127
180 127
181 127
182 127
183 127
184 127
185 127
186 127
187 127
188 127
189 127
190 127
191 127
192 127
193 127
194 127
195 127
196 127
197 127
198 127
199 127
200 127
201 127
202 127
203 127
204 127
205 127
206 127
207 127
208 127
209 127
210 127
211 127
212 127
213 127
214 127
215 127
216 127
217 127
218 127
219 127
220 127
221 127
222 127
223 127
224 127
225 127
226 127
227 127
228 127
229 127
230 127
231 127
232 127
233 127
234 127
235 127
236 127
237 127
238 127
239 127
240 127
241 127
242 127
243 127
244 127
245 127
246 127
247 127
248 127
249 127
250 127
251 127
252 127
253 127
254 127
255 127
256 127
257 127
258 127
259 127
260 127
261 127
262 127
263 127
264 127
265 127
266 127
267 127
268 127
269 127
270 127
271 127
272 127
273 127
274 127
275 127
276 127
277 127
278 127
279 127
280 127
281 127
282 127
283 127
284 127
285 127
286 127
287 127
288 127
289 127
290 127
291 127
292 127
293 127
294 127
295 127
296 127
297 127
298 127
299 127
300 127
301 127
302 127
303 127
304 127
305 127
306 127
307 127
308 127
309 127
310 127
311 127
312 127
313 127
314 127
315 127
316 127
317 127
318 127
319 127
320 127
321 127
322 127
323 127
324 127
325 127
326 127
327 127
328 127
329 127
330 127
331 127
332 127
333 127
334 127
335 127
336 127
337 127
338 127
339 127
340 127
341 127
342 127
343 127
344 127
345 127
346 127
347 127
348 127
349 127
350 127
351 127
352 127
353 127
354 127
355 127
356 127
357 127
358 127
359 127
360 127
361 127
362 127
363 127
364 127
365 127
366 127
367 127
368 127
369 127
370 127
371 127
372 127
373 127
374 127
375 127
376 127
377 127
378 127
379 127
380 127
381 127
382 127
383 127
384 127
385 127
386 127
387 127
388 127
389 127
390 127
391 127
392 127
393 127
394 127
395 127
396 127
397 127
398 127
399 127
400 127
401 127
402 127
403 127
404 127
405 127
406 127
407 127
408 127
409 127
410 127
411 127
412 127
413 127
414 127
415 127
416 127
417 127
418 127
419 127
420 127
421 127
422 127
423 127
424 127
425 127
426 127
427 127
428 127
429 127
430 127
431 127
432 127
433 127
434 127
435 127
436 127
437 127
438 127
439 127
440 127
441 127
442 127
443 127
444 127
445 127
446 127
447 127
448 127
449 127
450 127
451 127
452 127
453 127
454 127
455 127
456 127
457 127
458 127
459 127
460 127
461 127
462 127
463 127
464 127
465 127
466 127
467 127
468 127
469 127
470 127
471 127
472 127
473 127
474 127
475 127
476 127
477 127
478 127
479 127
480 127
481 127
482 127
483 127
484 127
485 127
486 127
487 127
488 127
489 127
490 127
491 127
492 127
493 127
494 127
495 127
496 127
497 127
498 127
499 127
500 127
501 127
502 127
503 127
504 127
505 127
506 127
507 127
508 127
509 127
510 127
511 127
512 127
513 127
514 127
515 127
516 127
517 127
518 127
519 127
520 127
521 127
522 127
523 127
524 127
525 127
526 127
527 127
528 127
529 127
530 127
531 127
532 127
533 127
534 127
535 127
536 127
537 127
538 127
539 127
540 127
541 127
542 127
543 127
544 127
545 127
546 127
547 127
548 127
549 127
550 127
551 127
552 127
553 127
554 127
555 127
556 127
557 127
558 127
559 127
560 127
561 127
562 127
563 127
564 127
565 127
566 127
567 127
568 127
569 127
570 127
571 127
572 127
573 127
574 127
575 127
576 127
577 127
578 127
579 127
580 127
581 127
582 127
583 127
584 127
585 127
586 127
587 127
588 127
589 127
590 127
591 127
592 127
593 127
594 127
595 127
596 127
597 127
598 127
599 127
600 127
601 127
602 127
603 127
604 127
605 127
606 127
607 127
608 127
609 127
610 127
611 127
612 127
613 127
614 127
615 127
616 127
617 127
618 127
619 127
620 127
621 127
622 127
623 127
624 127
625 127
626 127
627 127
628 127
629 127
630 127
631 127
632 127
633 127
634 127
635 127
636 127
637 127
638 127
639 127
640 127
641 127
642 127
643 127
644 127
645 127
646 127
647 127
648 127
649 127
650 127
651 127
652 127
653 127
654 127
655 127
656 127
657 127
658 127
659 127
660 127
661 127
662 127
663 127
664 127
665 127
666 127
667 127
668 127
669 127
670 127
671 127
672 127
673 127
674 127
675 127
676 127
677 127
678 127
679 127
680 127
681 127
682 127
683 127
684 127
685 127
686 127
687 127
688 127
689 127
690 127
691 127
692 127
693 127
694 127
695 127
696 127
697 127
698 127
699 127
700 127
701 127
702 127
703 127
704 127
705 127
706 127
707 127
708 127
709 127
710 127
711 127
712 127
713 127
714 127
715 127
716 127
717 127
718 127
719 127
720 127
721 127
722 127
723 127
724 127
725 127
726 127
727 127
728 127
729 127
730 127
731 127
732 127
733 127
734 127
735 127
736 127
737 127
738 127
739 127
740 127
741 127
742 127
743 127
744 127
745 127
746 127
747 127
748 127
749 127
750 127
751 127
752 127
753 127
754 127
755 127
756 127
757 127
758 127
759 127
760 127
761 127
762 127
763 127
764 127
765 127
766 127
767 127
768 127
769 127
770 127
771 127
772 127
773 127
774 127
775 127
776 127
777 127
778 127
779 127
780 127
781 127
782 127
783 127
784 127
785 127
786 127
787 127
788 127
789 127
790 127
791 127
792 127
793 127
794 127
795 127
796 127
797 127
798 127
799 127
800 127
801 127
802 127
803 127
804 127
805 127
806 127
807 127
808 127
809 127
810 127
811 127
812 127
813 127
814 127
815 127
816 127
817 127
818 127
819 127
820 127
821 127
822 127
823 127
824 127
825 127
826 127
827 127
828 127
829 127
830 127
831 127
832 127
833 127
834 127
835 127
836 127
837 127
838 127
839 127
840 127
841 127
842 127
843 127
844 127
845 127
846 127
847 127
848 127
849 127
850 127
851 127
852 127
853 127
854 127
855 127
856 127
857 127
858 127
859 127
860 127
861 127
862 127
863 127
864 127
865 127
866 127
867 127
868 127
869 127
870 127
871 127
872 127
873 127
874 127
875 127
876 127
877 127
878 127
879 127
880 127
881 127
882 127
883 127
884 127
885 127
886 127
887 127
888 127
889 127
890 127
891 127
892 127
893 127
894 127
895 127
896 127
897 127
898 127
899 127
900 127
901 127
902 127
903 127
904 127
905 127
906 127
907 127
908 127
909 127
910 127
911 127
912 127
913 127
914 127
915 127
916 127
917 127
918 127
919 127
920 127
921 127
922 127
923 127
924 127
925 127
926 127
927 127
928 127
929 127
930 127
931 127
932 127
933 127
934 127
935 127
936 127
937 127
938 127
939 127
940 127
941 127
942 127
943 127
944 127
945 127
946 127
947 127
948 127
949 127
950 127
951 127
952 127
953 127
954 127
955 127
956 127
957 127
958 127
959 127
960 127
961 127
962 127
963 127
964 127
965 127
966 127
967 127
968 127
969 127
970 127
971 127
972 127
973 127
974 127
975 127
976 127
977 127
978 127
979 127
980 127
981 127
982 127
983 127
984 127
985 127
986 127
987 127
988 127
989 127
990 127
991 127
992 127
993 127
994 127
995 127
996 127
997 127
998 127
999 127
1000 127
1001 127
1002 127
1003 127
1004 127
1005 127
1006 127
1007 127
1008 127
1009 127
1010 127
1011 127
1012 127
1013 127
1014 127
1015 127
1016 127
1017 127
1018 127
1019 127
1020 127
1021 127
1022 127
1023 127
1024 127
1025 127
1026 127
1027 127
1028 127
1029 127
1030 127
1031 127
1032 127
1033 127
1034 127
1035 127
1036 127
1037 127
1038 127
1039 127
1040 127
1041 127
1042 127
1043 127
1044 127
1045 127
1046 127
1047 127
1048 127
1049 127
1050 127
1051 127
1052 127
1053 127
1054 127
1055 127
1056 127
1057 127
1058 127
1059 127
1060 127
1061 127
1062 127
1063 127
1064 127
1065 127
1066 127
1067 127
1068 127
1069 127
1070 127
1071 127
1072 127
1073 127
1074 127
1075 127
1076 127
1077 127
1078 127
1079 127
1080 127
1081 127
1082 127
1083 127
1084 127
1085 127
1086 127
1087 127
1088 127
1089 127
1090 127
1091 127
1092 127
1093 127
1094 127
1095 127
1096 127
1097 127
1098 127
1099 127
1100 127
1101 127
1102 127
1103 127
1104 127
1105 127
1106 127
1107 127
1108 127
1109 127
1110 127
1111 127
1112 127
1113 127
1114 127
1115 127
1116 127
1117 127
1118 127
1119 127
1120 127
1121 127
1122 127
1123 127
1124 127
1125 127
1126 127
1127 127
1128 127
1129 127
1130 127
1131 127
1132 127
1133 127
1134 127
1135 127
1136 127
1137 127
1138 127
1139 127
1140 127
1141 127
1142 127
1143 127
1144 127
1145 127
1146 127
1147 127
1148 127
1149 127
1150 127
1151 127
1152 127
1153 127
1154 127
1155 127
1156 127
1157 127
1158 127
1159 127
1160 127
1161 127
1162 127
1163 127
1164 127
1165 127
1166 127
1167 127
1168 127
1169 127
1170 127
1171 127
1172 127
1173 127
1174 127
1175 127
1176 127
1177 127
1178 127
1179 127
1180 127
1181 127
1182 127
1183 127
1184 127
1185 127
1186 127
1187 127
1188 127
1189 127
1190 127
1191 127
1192 127
1193 127
1194 127
1195 127
1196 127
1197 127
1198 127
1199 127
1200 127
1201 127
1202 127
1203 127
1204 127
1205 127
1206 127
1207 127
1208 127
1209 127
1210 127
1211 127
1212 127
1213 127
1214 127
1215 127
1216 127
1217 127
1218 127
1219 127
1220 127
1221 127
1222 127
1223 127
1224 127
1225 127
1226 127
1227 127
1228 127
1229 127
1230 127
1231 127
1232 127
1233 127
1234 127
1235 127
1236 127
1237 127
1238 127
1239 127
1240 127
1241 127
1242 127
1243 127
1244 127
1245 127
1246 127
1247 127
1248 127
1249 127
1250 127
1251 127
1252 127
1253 127
1254 127
1255 127
1256 127
1257 127
1258 127
1259 127
1260 127
1261 127
1262 127
1263 127
1264 127
1265 127
1266 127
1267 127
1268 127
1269 127
1270 127
1271 127
1272 127
1273 127
1274 127
1275 127
1276 127
1277 127
1278 127
1279 127
1280 127
1281 127
1282 127
1283 127
1284 127
1285 127
1286 127
1287 127
1288 127
1289 127
1290 127
1291 127
1292 127
1293 127
1294 127
1295 127
1296 127
1297 127
1298 127
1299 127
1300 127
1301 127
1302 127
1303 127
1304 127
1305 127
1306 127
1307 127
1308 127
1309 127
1310 127
1311 127
1312 127
1313 127
1314 127
1315 127
1316 127
1317 127
1318 127
1319 127
1320 127
1321 127
1322 127
1323 127
1324 127
1325 127
1326 127
1327 127
1328 127
1329 127
1330 127
1331 127
1332 127
1333 127
1334 127
1335 127
1336 127
1337 127
1338 127
1339 127
1340 127
1341 127
1342 127
1343 127
1344 127
1345 127
1346 127
1347 127
1348 127
1349 127
1350 127
1351 127
1352 127
1353 127
1354 127
1355 127
1356 127
1357 127
1358 127
1359 127
1360 127
1361 127
1362 127
1363 127
1364 127
1365 127
1366 127
1367 127
1368 127
1369 127
1370 127
1371 127
1372 127
1373 127
1374 127
1375 127
1376 127
1377 127
1378 127
1379 127
1380 127
1381 127
1382 127
1383 127
1384 127
1385 127
1386 127
1387 127
1388 127
1389 127
1390 127
1391 127
1392 127
1393 127
1394 127
1395 127
1396 127
1397 127
1398 127
1399 127
1400 127
1401 127
1402 127
1403 127
1404 127
1405 127
1406 127
1407 127
1408 127
1409 127
1410 127
1411 127
1412 127
1413 127
1414 127
1415 127
1416 127
1417 127
1418 127
1419 127
1420 127
1421 127
1422 127
1423 127
1424 127
1425 127
1426 127
1427 127
1428 127
1429 127
1430 127
1431 127
1432 127
1433 127
1434 127
1435 127
1436 127
1437 127
1438 127
1439 127
1440 127
1441 127
1442 127
1443 127
1444 127
1445 127
1446 127
1447 127
1448 127
1449 127
1450 127
1451 127
1452 127
1453 127
1454 127
1455 127
1456 127
1457 127
1458 127
1459 127
1460 127
1461 127
1462 127
1463 127
1464 127
1465 127
1466 127
1467 127
1468 127
1469 127
1470 127
1471 127
1472 127
1473 127
1474 127
1475 127
1476 127
1477 127
1478 127
1479 127
1480 127
1481 127
1482 127
1483 127
1484 127
1485 127
1486 127
1487 127
1488 127
1489 127
1490 127
1491 127
1492 127
1493 127
1494 127
1495 127
1496 127
1497 127
1498 127
1499 127
1500 127
1501 127
1502 127
1503 127
1504 127
1505 127
1506 127
1507 127
1508 127
1509 127
1510 127
1511 127
1512 127
1513 127
1514 127
1515 127
1516 127
1517 127
1518 127
1519 127
1520 127
1521 127
1522 127
1523 127
1524 127
1525 127
1526 127
1527 127
1528 127
1529 127
1530 127
1531 127
1532 127
1533 127
1534 127
1535 127
1536 127
1537 127
1538 127
1539 127
1540 127
1541 127
1542 127
1543 127
1544 127
1545 127
1546 127
1547 127
1548 127
1549 127
1550 127
1551 127
1552 127
1553 127
1554 127
1555 127
1556 127
1557 127
1558 127
1559 127
1560 127
1561 127
1562 127
1563 127
1564 127
1565 127
1566 127
1567 127
1568 127
1569 127
1570 127
1571 127
1572 127
1573 127
1574 127
1575 127
1576 127
1577 127
1578 127
1579 127
1580 127
1581 127
1582 127
1583 127
1584 127
1585 127
1586 127
1587 127
1588 127
1589 127
1590 127
1591 127
1592 127
1593 127
1594 127
1595 127
1596 127
1597 127
1598 127
1599 127
1600 127
1601 127
1602 127
1603 127
1604 127
1605 127
1606 127
1607 127
1608 127
1609 127
1610 127
1611 127
1612 127
1613 127
1614 127
1615 127
1616 127
1617 127
1618 127
1619 127
1620 127
1621 127
1622 127
1623 127
1624 127
1625 127
1626 127
1627 127
1628 127
1629 127
1630 127
1631 127
1632 127
1633 127
1634 127
1635 127
1636 127
1637 127
1638 127
1639 127
1640 127
1641 127
1642 127
1643 127
1644 127
1645 127
1646 127
1647 127
1648 127
1649 127
1650 127
1651 127
1652 127
1653 127
1654 127
1655 127
1656 127
1657 127
1658 127
1659 127
1660 127
1661 127
1662 127
1663 127
1664 127
1665 127
1666 127
1667 127
1668 127
1669 127
1670 127
1671 127
1672 127
1673 127
1674 127
1675 127
1676 127
1677 127
1678 127
1679 127
1680 127
1681 127
1682 127
1683 127
1684 127
1685 127
1686 127
1687 127
1688 127
1689 127
1690 127
1691 127
1692 127
1693 127
1694 127
1695 127
1696 127
1697 127
1698 127
1699 127
1700 127
1701 127
1702 127
1703 127
1704 127
1705 127
1706 127
1707 127
1708 127
1709 127
1710 127
1711 127
1712 127
1713 127
1714 127
1715 127
1716 127
1717 127
1718 127
1719 127
1720 127
1721 127
1722 127
1723 127
1724 127
1725 127
1726 127
1727 127
1728 127
1729 127
1730 127
1731 127
1732 127
1733 127
1734 127
1735 127
1736 127
1737 127
1738 127
1739 127
1740 127
1741 127
1742 127
1743 127
1744 127
1745 127
1746 127
1747 127
1748 127
1749 127
1750 127
1751 127
1752 127
1753 127
1754 127
1755 127
1756 127
1757 127
1758 127
1759 127
1760 127
1761 127
1762 127
1763 127
1764 127
1765 127
1766 127
1767 127
1768 127
1769 127
1770 127
1771 127
1772 127
1773 127
1774 127
1775 127
1776 127
1777 127
1778 127
1779 127
1780 127
1781 127
1782 127
1783 127
1784 127
1785 127
1786 127
1787 127
1788 127
1789 127
1790 127
1791 127
1792 127
1793 127
1794 127
1795 127
1796 127
1797 127
1798 127
1799 127
1800 127
1801 127
1802 127
1803 127
1804 127
1805 127
1806 127
1807 127
1808 127
1809 127
1810 127
1811 127
1812 127
1813 127
1814 127
1815 127
1816 127
1817 127
1818 127
1819 127
1820 127
1821 127
1822 127
1823 127
1824 127
1825 127
1826 127
1827 127
1828 127
1829 127
1830 127
1831 127
1832 127
1833 127
1834 127
1835 127
1836 127
1837 127
1838 127
1839 127
1840 127
1841 127
1842 127
1843 127
1844 127
1845 127
1846 127
1847 127
1848 127
1849 127
1850 127
1851 127
1852 127
1853 127
1854 127
1855 127
1856 127
1857 127
1858 127
1859 127
1860 127
1861 127
1862 127
1863 127
1864 127
1865 127
1866 127
1867 127
1868 127
1869 127
1870 127
1871 127
1872 127
1873 127
1874 127
1875 127
1876 127
1877 127
1878 127
1879 127
1880 127
1881 127
1882 127
1883 127
1884 127
1885 127
1886 127
1887 127
1888 127
1889 127
1890 127
1891 127
1892 127
1893 127
1894 127
1895 127
1896 127
1897 127
1898 127
1899 127
1900 127
1901 127
1902 127
1903 127
1904 127
1905 127
1906 127
1907 127
1908 127
1909 127
1910 127
1911 127
1912 127
1913 127
1914 127
1915 127
1916 127
1917 127
1918 127
1919 127
1920 127
1921 127
1922 127
1923 127
1924 127
1925 127
1926 127
1927 127
1928 127
1929 127
1930 127
1931 127
1932 127
1933 127
1934 127
1935 127
1936 127
1937 127
1938 127
1939 127
1940 127
1941 127
1942 127
1943 127
1944 127
1945 127
1946 127
1947 127
1948 127
1949 127
1950 127
1951 127
1952 127
1953 127
1954 127
1955 127
1956 127
1957 127
1958 127
1959 127
1960 127
1961 127
1962 127
1963 127
1964 127
1965 127
1966 127
1967 127
1968 127
1969 127
1970 127
1971 127
1972 127
1973 127
1974 127
1975 127
1976 127
1977 127
1978 127
1979 127
1980 127
1981 127
1982 127
1983 127
1984 127
1985 127
1986 127
1987 127
1988 127
1989 127
1990 127
1991 127
1992 127
1993 127
1994 127
1995 127
1996 127
1997 127
1998 127
1999 127
2000 127
2001 127
2002 127
2003 127
2004 127
2005 127
2006 127
2007 127
2008 127
2009 127
2010 127
2011 127
2012 127
2013 127
2014 127
2015 127
2016 127
2017 127
2018 127
2019 127
2020 127
2021 127
2022 127
2023 127
2024 127
2025 127
2026 127
2027 127
2028 127
2029 127
2030 127
2031 127
2032 127
2033 127
2034 127
2035 127
2036 127
2037 127
2038 127
2039 127
2040 127
2041 127
2042 127
2043 127
2044 127
2045 127
2046 127
2047 127
2048 127
2049 127
2050 127
2051 127
2052 127
2053 127
2054 127
2055 127
2056 127
2057 127
2058 127
2059 127
2060 127
2061 127
2062 127
2063 127
2064 127
2065 127
2066 127
2067 127
2068 127
2069 127
2070 127
2071 127
2072 127
2073 127
2074 127
2075 127
2076 127
2077 127
2078 127
2079 127
2080 127
2081 127
2082 127
2083 127
2084 127
2085 127
2086 127
2087 127
2088 127
2089 127
2090 127
2091 127
2092 127
2093 127
2094 127
2095 127
2096 127
2097 127
2098 127
2099 127
2100 127
2101 127
2102 127
2103 127
2104 127
2105 127
2106 127
2107 127
2108 127
2109 127
2110 127
2111 127
2112 127
2113 127
2114 127
2115 127
2116 127
2117 127
2118 127
2119 127
2120 127
2121 127
2122 127
2123 127
2124 127
2125 127
2126 127
2127 127
2128 127
2129 127
2130 127
2131 127
2132 127
2133 127
2134 127
2135 127
2136 127
2137 127
2138 127
2139 127
2140 127
2141 127
2142 127
2143 127
2144 127
2145 127
2146 127
2147 127
2148 127
2149 127
2150 127
2151 127
2152 127
2153 127
2154 127
2155 127
2156 127
2157 127
2158 127
2159 127
2160 127
2161 127
2162 127
2163 127
2164 127
2165 127
2166 127
2167 127
2168 127
2169 127
2170 127
2171 127
2172 127
2173 127
2174 127
2175 127
2176 127
2177 127
2178 127
2179 127
2180 127
2181 127
2182 127
2183 127
2184 127
2185 127
2186 127
2187 127
2188 127
2189 127
2190 127
2191 127
2192 127
2193 127
2194 127
2195 127
2196 127
2197 127
2198 127
2199 127
2200 127
2201 127
2202 127
2203 127
2204 127
2205 127
2206 127
2207 127
2208 127
2209 127
2210 127
2211 127
2212 127
2213 127
2214 127
2215 127
2216 127
2217 127
2218 127
2219 127
2220 127
2221 127
2222 127
2223 127
2224 127
2225 127
2226 127
2227 127
2228 127
2229 127
2230 127
2231 127
2232 127
2233 127
2234 127
2235 127
2236 127
2237 127
2238 127
2239 127
2240 127
2241 127
2242 127
2243 127
2244 127
2245 127
2246 127
2247 127
2248 127
2249 127
2250 127
2251 127
2252 127
2253 127
2254 127
2255 127
2256 127
2257 127
2258 127
2259 127
2260 127
2261 127
2262 127
2263 127
2264 127
2265 127
2266 127
2267 127
2268 127
2269 127
2270 127
2271 127
2272 127
2273 127
2274 127
2275 127
2276 127
2277 127
2278 127
2279 127
2280 127
2281 127
2282 127
2283 127
2284 127
2285 127
2286 127
2287 127
2288 127
2289 127
2290 127
2291 127
2292 127
2293 127
2294 127
2295 127
2296 127
2297 127
2298 127
2299 127
2300 127
2301 127
2302 127
2303 127
2304 127
2305 127
2306 127
2307 127
2308 127
2309 127
2310 127
2311 127
2312 127
2313 127
2314 127
2315 127
2316 127
2317 127
2318 127
2319 127
2320 127
2321 127
2322 127
2323 127
2324 127
2325 127
2326 127
2327 127
2328 127
2329 127
2330 127
2331 127
2332 127
2333 127
2334 127
2335 127
2336 127
2337 127
2338 127
2339 127
2340 127
2341 127
2342 127
2343 127
2344 127
2345 127
2346 127
2347 127
2348 127
2349 127
2350 127
2351 127
2352 127
2353 127
2354 127
2355 127
2356 127
2357 127
2358 127
2359 127
2360 127
2361 127
2362 127
2363 127
2364 127
2365 127
2366 127
2367 127
2368 127
2369 127
2370 127
2371 127
2372 127
2373 127
2374 127
2375 127
2376 127
2377 127
2378 127
2379 127
2380 127
2381 127
2382 127
2383 127
2384 127
2385 127
2386 127
2387 127
2388 127
2389 127
2390 127
2391 127
2392 127
2393 127
2394 127
2395 127
2396 127
2397 127
2398 127
2399 127
2400 127
2401 127
2402 127
2403 127
2404 127
2405 127
2406 127
2407 127
2408 127
2409 127
2410 127
2411 127
2412 127
2413 127
2414 127
2415 127
2416 127
2417 127
2418 127
2419 127
2420 127
2421 127
2422 127
2423 127
2424 127
2425 127
2426 127
2427 127
2428 127
2429 127
2430 127
2431 127
2432 127
2433 127
2434 127
2435 127
2436 127
2437 127
2438 127
2439 127
2440 127
2441 127
2442 127
2443 127
2444 127
2445 127
2446 127
2447 127
2448 127
2449 127
2450 127
2451 127
2452 127
2453 127
2454 127
2455 127
2456 127
2457 127
2458 127
2459 127
2460 127
2461 127
2462 127
2463 127
2464 127
2465 127
2466 127
2467 127
2468 127
2469 127
2470 127
2471 127
2472 127
2473 127
2474 127
2475 127
2476 127
2477 127
2478 127
2479 127
2480 127
2481 127
2482 127
2483 127
2484 127
2485 127
2486 127
2487 127
2488 127
2489 127
2490 127
2491 127
2492 127
2493 127
2494 127
2495 127
2496 127
2497 127
2498 127
2499 127
2500 127
2501 127
2502 127
2503 127
2504 127
2505 127
2506 127
2507 127
2508 127
2509 127
2510 127
2511 127
2512 127
2513 127
2514 127
2515 127
2516 127
2517 127
2518 127
2519 127
2520 127
2521 127
2522 127
2523 127
2524 127
2525 127
2526 127
2527 127
2528 127
2529 127
2530 127
2531 127
2532 127
2533 127
2534 127
2535 127
2536 127
2537 127
2538 127
2539 127
2540 127
2541 127
2542 127
2543 127
2544 127
2545 127
2546 127
2547 127
2548 127
2549 127
2550 127
2551 127
2552 127
2553 127
2554 127
2555 127
2556 127
2557 127
2558 127
2559 127
2560 127
2561 127
2562 127
2563 127
2564 127
2565 127
2566 127
2567 127
2568 127
2569 127
2570 127
2571 127
2572 127
2573 127
2574 127
2575 127
2576 127
2577 127
2578 127
2579 127
2580 127
2581 127
2582 127
2583 127
2584 127
2585 127
2586 127
2587 127
2588 127
2589 127
2590 127
2591 127
2592 127
2593 127
2594 127
2595 127
2596 127
2597 127
2598 127
2599 127
2600 127
2601 127
2602 127
2603 127
2604 127
2605 127
2606 127
2607 127
2608 127
2609 127
2610 127
2611 127
2612 127
2613 127
2614 127
2615 127
2616 127
2617 127
2618 127
2619 127
2620 127
2621 127
2622 127
2623 127
2624 127
2625 127
2626 127
2627 127
2628 127
2629 127
2630 127
2631 127
2632 127
2633 127
2634 127
2635 127
2636 127
2637 127
2638 127
2639 127
2640 127
2641 127
2642 127
2643 127
2644 127
2645 127
2646 127
2647 127
2648 127
2649 127
2650 127
2651 127
2652 127
2653 127
2654 127
2655 127
2656 127
2657 127
2658 127
2659 127
2660 127
2661 127
2662 127
2663 127
2664 127
2665 127
2666 127
2667 127
2668 127
2669 127
2670 127
2671 127
2672 127
2673 127
2674 127
2675 127
2676 127
2677 127
2678 127
2679 127
2680 127
2681 127
2682 127
2683 127
2684 127
2685 127
2686 127
2687 127
2688 127
2689 127
2690 127
2691 127
2692 127
2693 127
2694 127
2695 127
2696 127
2697 127
2698 127
2699 127
2700 127
2701 127
2702 127
2703 127
2704 127
2705 127
2706 127
2707 127
2708 127
2709 127
2710 127
2711 127
2712 127
2713 127
2714 127
2715 127
2716 127
2717 127
2718 127
2719 127
2720 127
2721 127
2722 127
2723 127
2724 127
2725 127
2726 127
2727 127
2728 127
2729 127
2730 127
2731 127
2732 127
2733 127
2734 127
2735 127
2736 127
2737 127
2738 127
2739 127
2740 127
2741 127
2742 127
2743 127
2744 127
2745 127
2746 127
2747 127
2748 127
2749 127
2750 127
2751 127
2752 127
2753 127
2754 127
2755 127
2756 127
2757 127
2758 127
2759 127
2760 127
2761 127
2762 127
2763 127
2764 127
2765 127
2766 127
2767 127
2768 127
2769 127
2770 127
2771 127
2772 127
2773 127
2774 127
2775 127
2776 127
2777 127
2778 127
2779 127
2780 127
2781 127
2782 127
2783 127
2784 127
2785 127
2786 127
2787 127
2788 127
2789 127
2790 127
2791 127
2792 127
2793 127
2794 127
2795 127
2796 127
2797 127
2798 127
2799 127
2800 127
2801 127
2802 127
2803 127
2804 127
2805 127
2806 127
2807 127
2808 127
2809 127
2810 127
2811 127
2812 127
2813 127
2814 127
2815 127
2816 127
2817 127
2818 127
2819 127
2820 127
2821 127
2822 127
2823 127
2824 127
2825 127
2826 127
2827 127
2828 127
2829 127
2830 127
2831 127
2832 127
2833 127
2834 127
2835 127
2836 127
2837 127
2838 127
2839 127
2840 127
2841 127
2842 127
2843 127
2844 127
2845 127
2846 127
2847 127
2848 127
2849 127
2850 127
2851 127
2852 127
2853 127
2854 127
2855 127
2856 127
2857 127
2858 127
2859 127
2860 127
2861 127
2862 127
2863 127
2864 127
2865 127
2866 127
2867 127
2868 127
2869 127
2870 127
2871 127
2872 127
2873 127
2874 127
2875 127
2876 127
2877 127
2878 127
2879 127
2880 127
2881 127
2882 127
2883 127
2884 127
2885 127
2886 127
2887 127
2888 127
2889 127
2890 127
2891 127
2892 127
2893 127
2894 127
2895 127
2896 127
2897 127
2898 127
2899 127
2900 127
2901 127
2902 127
2903 127
2904 127
2905 127
2906 127
2907 127
2908 127
2909 127
2910 127
2911 127
2912 127
2913 127
2914 127
2915 127
2916 127
2917 127
2918 127
2919 127
2920 127
2921 127
2922 127
2923 127
2924 127
2925 127
2926 127
2927 127
2928 127
2929 127
2930 127
2931 127
2932 127
2933 127
2934 127
2935 127
2936 127
2937 127
2938 127
2939 127
2940 127
2941 127
2942 127
2943 127
2944 127
2945 127
2946 127
2947 127
2948 127
2949 127
2950 127
2951 127
2952 127
2953 127
2954 127
2955 127
2956 127
2957 127
2958 127
2959 127
2960 127
2961 127
2962 127
2963 127
2964 127
2965 127
2966 127
2967 127
2968 127
2969 127
2970 127
2971 127
2972 127
2973 127
2974 127
2975 127
2976 127
2977 127
2978 127
2979 127
2980 127
2981 127
2982 127
2983 127
2984 127
2985 127
2986 127
2987 127
2988 127
2989 127
2990 127
2991 127
2992 127
2993 127
2994 127
2995 127
2996 127
2997 127
2998 127
2999 127
3000 127
3001 127
3002 127
3003 127
3004 127
3005 127
3006 127
3007 127
3008 127
3009 127
3010 127
3011 127
3012 127
3013 127
3014 127
3015 127
3016 127
3017 127
3018 127
3019 127
3020 127
3021 127
3022 127
3023 127
3024 127
3025 127
3026 127
3027 127
3028 127
3029 127
3030 127
3031 127
3032 127
3033 127
3034 127
3035 127
3036 127
3037 127
3038 127
3039 127
3040 127
3041 127
3042 127
3043 127
3044 127
3045 127
3046 127
3047 127
3048 127
3049 127
3050 127
3051 127
3052 127
3053 127
3054 127
3055 127
3056 127
3057 127
3058 127
3059 127
3060 127
3061 127
3062 127
3063 127
3064 127
3065 127
3066 127
3067 127
3068 127
3069 127
3070 127
3071 127
3072 127
3073 127
3074 127
3075 127
3076 127
3077 127
3078 127
3079 127
3080 127
3081 127
3082 127
3083 127
3084 127
3085 127
3086 127
3087 127
3088 127
3089 127
3090 127
3091 127
3092 127
3093 127
3094 127
3095 127
3096 127
3097 127
3098 127
3099 127
3100 127
3101 127
3102 127
3103 127
3104 127
3105 127
3106 127
3107 127
3108 127
3109 127
3110 127
3111 127
3112 127
3113 127
3114 127
3115 127
3116 127
3117 127
3118 127
3119 127
3120 127
3121 127
3122 127
3123 127
3124 127
3125 127
3126 127
3127 127
3128 127
3129 127
3130 127
3131 127
3132 127
3133 127
3134 127
3135 127
3136 127
3137 127
3138 127
3139 127
3140 127
3141 127
3142 127
3143 127
3144 127
3145 127
3146 127
3147 127
3148 127
3149 127
3150 127
3151 127
3152 127
3153 127
3154 127
3155 127
3156 127
3157 127
3158 127
3159 127
3160 127
3161 127
3162 127
3163 127
3164 127
3165 127
3166 127
3167 127
3168 127
3169 127
3170 127
3171 127
3172 127
3173 127
3174 127
3175 127
3176 127
3177 127
3178 127
3179 127
3180 127
3181 127
3182 127
3183 127
3184 127
3185 127
3186 127
3187 127
3188 127
3189 127
3190 127
3191 127
3192 127
3193 127
3194 127
3195 127
3196 127
3197 127
3198 127
3199 127
3200 127
3201 127
3202 127
3203 127
3204 127
3205 127
3206 127
3207 127
3208 127
3209 127
3210 127
3211 127
3212 127
3213 127
3214 127
3215 127
3216 127
3217 127
3218 127
3219 127
3220 127
3221 127
3222 127
3223 127
3224 127
3225 127
3226 127
3227 127
3228 127
3229 127
3230 127
3231 127
3232 127
3233 127
3234 127
3235 127
3236 127
3237 127
3238 127
3239 127
3240 127
3241 127
3242 127
3243 127
3244 127
3245 127
3246 127
3247 127
3248 127
3249 127
3250 127
3251 127
3252 127
3253 127
3254 127
3255 127
3256 127
3257 127
3258 127
3259 127
3260 127
3261 127
3262 127
3263 127
3264 127
3265 127
3266 127
3267 127
3268 127
3269 127
3270 127
3271 127
3272 127
3273 127
3274 127
3275 127
3276 127
3277 127
3278 127
3279 127
3280 127
3281 127
3282 127
3283 127
3284 127
3285 127
3286 127
3287 127
3288 127
3289 127
3290 127
3291 127
3292 127
3293 127
3294 127
3295 127
3296 127
3297 127
3298 127
3299 127
3300 127
3301 127
3302 127
3303 127
3304 127
3305 127
3306 127
3307 127
3308 127
3309 127
3310 127
3311 127
3312 127
3313 127
3314 127
3315 127
3316 127
3317 127
3318 127
3319 127
3320 127
3321 127
3322 127
3323 127
3324 127
3325 127
3326 127
3327 127
3328 127
3329 127
3330 127
3331 127
3332 127
3333 127
3334 127
3335 127
3336 127
3337 127
3338 127
3339 127
3340 127
3341 127
3342 127
3343 127
3344 127
3345 127
3346 127
3347 127
3348 127
3349 127
3350 127
3351 127
3352 127
3353 127
3354 127
3355 127
3356 127
3357 127
3358 127
3359 127
3360 127
3361 127
3362 127
3363 127
3364 127
3365 127
3366 127
3367 127
3368 127
3369 127
3370 127
3371 127
3372 127
3373 127
3374 127
3375 127
3376 127
3377 127
3378 127
3379 127
3380 127
3381 127
3382 127
3383 127
3384 127
3385 127
3386 127
3387 127
3388 127
3389 127
3390 127
3391 127
3392 127
3393 127
3394 127
3395 127
3396 127
3397 127
3398 127
3399 127
3400 127
3401 127
3402 127
3403 127
3404 127
3405 127
3406 127
3407 127
3408 127
3409 127
3410 127
3411 127
3412 127
3413 127
3414 127
3415 127
3416 127
3417 127
3418 127
3419 127
3420 127
3421 127
3422 127
3423 127
3424 127
3425 127
3426 127
3427 127
3428 127
3429 127
3430 127
3431 127
3432 127
3433 127
3434 127
3435 127
3436 127
3437 127
3438 127
3439 127
3440 127
3441 127
3442 127
3443 127
3444 127
3445 127
3446 127
3447 127
3448 127
3449 127
3450 127
3451 127
3452 127
3453 127
3454 127
3455 127
3456 127
3457 127
3458 127
3459 127
3460 127
3461 127
3462 127
3463 127
3464 127
3465 127
3466 127
3467 127
3468 127
3469 127
3470 127
3471 127
3472 127
3473 127
3474 127
3475 127
3476 127
3477 127
3478 127
3479 127
3480 127
3481 127
3482 127
3483 127
3484 127
3485 127
3486 127
3487 127
3488 127
3489 127
3490 127
3491 127
3492 127
3493 127
3494 127
3495 127
3496 127
3497 127
3498 127
3499 127
3500 127
3501 127
3502 127
3503 127
3504 127
3505 127
3506 127
3507 127
3508 127
3509 127
3510 127
3511 127
3512 127
3513 127
3514 127
3515 127
3516 127
3517 127
3518 127
3519 127
3520 127
3521 127
3522 127
3523 127
3524 127
3525 127
3526 127
3527 127
3528 127
3529 127
3530 127
3531 127
3532 127
3533 127
3534 127
3535 127
3536 127
3537 127
3538 127
3539 127
3540 127
3541 127
3542 127
3543 127
3544 127
3545 127
3546 127
3547 127
3548 127
3549 127
3550 127
3551 127
3552 127
3553 127
3554 127
3555 127
3556 127
3557 127
3558 127
3559 127
3560 127
3561 127
3562 127
3563 127
3564 127
3565 127
3566 127
3567 127
3568 127
3569 127
3570 127
3571 127
3572 127
3573 127
3574 127
3575 127
3576 127
3577 127
3578 127
3579 127
3580 127
3581 127
3582 127
3583 127
3584 127
3585 127
3586 127
3587 127
3588 127
3589 127
3590 127
3591 127
3592 127
3593 127
3594 127
3595 127
3596 127
3597 127
3598 127
3599 127
3600 127
3601 127
3602 127
3603 127
3604 127
3605 127
3606 127
3607 127
3608 127
3609 127
3610 127
3611 127
3612 127
3613 127
3614 127
3615 127
3616 127
3617 127
3618 127
3619 127
3620 127
3621 127
3622 127
3623 127
3624 127
3625 127
3626 127
3627 127
3628 127
3629 127
3630 127
3631 127
3632 127
3633 127
3634 127
3635 127
3636 127
3637 127
3638 127
3639 127
3640 127
3641 127
3642 127
3643 127
3644 127
3645 127
3646 127
3647 127
3648 127
3649 127
3650 127
3651 127
3652 127
3653 127
3654 127
3655 127
3656 127
3657 127
3658 127
3659 127
3660 127
3661 127
3662 127
3663 127
3664 127
3665 127
3666 127
3667 127
3668 127
3669 127
3670 127
3671 127
3672 127
3673 127
3674 127
3675 127
3676 127
3677 127
3678 127
3679 127
3680 127
3681 127
3682 127
3683 127
3684 127
3685 127
3686 127
3687 127
3688 127
3689 127
3690 127
3691 127
3692 127
3693 127
3694 127
3695 127
3696 127
3697 127
3698 127
3699 127
3700 127
3701 127
3702 127
3703 127
3704 127
3705 127
3706 127
3707 127
3708 127
3709 127
3710 127
3711 127
3712 127
3713 127
3714 127
3715 127
3716 127
3717 127
3718 127
3719 127
3720 127
3721 127
3722 127
3723 127
3724 127
3725 127
3726 127
3727 127
3728 127
3729 127
3730 127
3731 127
3732 127
3733 127
3734 127
3735 127
3736 127
3737 127
3738 127
3739 127
3740 127
3741 127
3742 127
3743 127
3744 127
3745 127
3746 127
3747 127
3748 127
3749 127
3750 127
3751 127
3752 127
3753 127
3754 127
3755 127
3756 127
3757 127
3758 127
3759 127
3760 127
3761 127
3762 127
3763 127
3764 127
3765 127
3766 127
3767 127
3768 127
3769 127
3770 127
3771 127
3772 127
3773 127
3774 127
3775 127
3776 127
3777 127
3778 127
3779 127
3780 127
3781 127
3782 127
3783 127
3784 127
3785 127
3786 127
3787 127
3788 127
3789 127
3790 127
3791 127
3792 127
3793 127
3794 127
3795 127
3796 127
3797 127
3798 127
3799 127
3800 127
3801 127
3802 127
3803 127
3804 127
3805 127
3806 127
3807 127
3808 127
3809 127
3810 127
3811 127
3812 127
3813 127
3814 127
3815 127
3816 127
3817 127
3818 127
3819 127
3820 127
3821 127
3822 127
3823 127
3824 127
3825 127
3826 127
3827 127
3828 127
3829 127
3830 127
3831 127
3832 127
3833 127
3834 127
3835 127
3836 127
3837 127
3838 127
3839 127
3840 127
3841 127
3842 127
3843 127
3844 127
3845 127
3846 127
3847 127
3848 127
3849 127
3850 127
3851 127
3852 127
3853 127
3854 127
3855 127
3856 127
3857 127
3858 127
3859 127
3860 127
3861 127
3862 127
3863 127
3864 127
3865 127
3866 127
3867 127
3868 127
3869 127
3870 127
3871 127
3872 127
3873 127
3874 127
3875 127
3876 127
3877 127
3878 127
3879 127
3880 127
3881 127
3882 127
3883 127
3884 127
3885 127
3886 127
3887 127
3888 127
3889 127
3890 127
3891 127
3892 127
3893 127
3894 127
3895 127
3896 127
3897 127
3898 127
3899 127
3900 127
3901 127
3902 127
3903 127
3904 127
3905 127
3906 127
3907 127
3908 127
3909 127
3910 127
3911 127
3912 127
3913 127
3914 127
3915 127
3916 127
3917 127
3918 127
3919 127
3920 127
3921 127
3922 127
3923 127
3924 127
3925 127
3926 127
3927 127
3928 127
3929 127
3930 127
3931 127
3932 127
3933 127
3934 127
3935 127
3936 127
3937 127
3938 127
3939 127
3940 127
3941 127
3942 127
3943 127
3944 127
3945 127
3946 127
3947 127
3948 127
3949 127
3950 127
3951 127
3952 127
3953 127
3954 127
3955 127
3956 127
3957 127
3958 127
3959 127
3960 127
3961 127
3962 127
3963 127
3964 127
3965 127
3966 127
3967 127
3968 127
3969 127
3970 127
3971 127
3972 127
3973 127
3974 127
3975 127
3976 127
3977 127
3978 127
3979 127
3980 127
3981 127
3982 127
3983 127
3984 127
3985 127
3986 127
3987 127
3988 127
3989 127
3990 127
3991 127
3992 127
3993 127
3994 127
3995 127
3996 127
3997 127
3998 127
3999 127
4000 127
4001 127
4002 127
4003 127
4004 127
4005 127
4006 127
4007 127
4008 127
4009 127
4010 127
4011 127
4012 127
4013 127
4014 127
4015 127
4016 127
4017 127
4018 127
4019 127
4020 127
4021 127
4022 127
4023 127
4024 127
4025 127
4026 127
4027 127
4028 127
4029 127
4030 127
4031 127
4032 127
4033 127
4034 127
4035 127
4036 127
4037 127
4038 127
4039 127
4040 127
4041 127
4042 127
4043 127
4044 127
4045 127
4046 127
4047 127
4048 127
4049 127
4050 127
4051 127
4052 127
4053 127
4054 127
4055 127
4056 127
4057 127
4058 127
4059 127
4060 127
4061 127
4062 127
4063 127
4064 127
4065 127
4066 127
4067 127
4068 127
4069 127
4070 127
4071 127
4072 127
4073 127
4074 127
4075 127
4076 127
4077 127
4078 127
4079 127
4080 127
4081 127
4082 127
4083 127
4084 127
4085 127
4086 127
4087 127
4088 127
4089 127
4090 127
4091 127
4092 127
4093 127
4094 127
4095 127
